2.708269528956718311e-02
8.124808586870155280e-02
1.354134764478359121e-01
1.895788670269702991e-01
2.437442576061046307e-01
2.979096481852390177e-01
3.520750387643734047e-01
4.062404293435077363e-01
4.604058199226421233e-01
5.145712105017764548e-01
5.687366010809108419e-01
6.229019916600452289e-01
6.770673822391796159e-01
7.312327728183138920e-01
7.853981633974482790e-01
8.395635539765826660e-01
8.937289445557170531e-01
9.478943351348514401e-01
1.002059725713985827e+00
1.056225116293119992e+00
1.110390506872254601e+00
1.164555897451388766e+00
1.218721288030523375e+00
1.272886678609657540e+00
1.327052069188792149e+00
1.381217459767926314e+00
1.435382850347060701e+00
1.489548240926195088e+00
1.543713631505329253e+00
