0.000000000000000000e+00
5.235987755982988295e-02
1.047197551196597659e-01
1.570796326794896558e-01
2.094395102393195318e-01
2.617993877991494078e-01
3.141592653589793116e-01
3.665191429188091599e-01
4.188790204786390636e-01
4.712388980384689674e-01
5.235987755982988157e-01
5.759586531581286639e-01
6.283185307179586232e-01
6.806784082777884715e-01
7.330382858376183197e-01
7.853981633974482790e-01
8.377580409572781273e-01
8.901179185171079755e-01
9.424777960769379348e-01
9.948376736367677831e-01
1.047197551196597631e+00
1.099557428756427591e+00
1.151917306316257328e+00
1.204277183876087287e+00
1.256637061435917246e+00
1.308996938995746984e+00
1.361356816555576943e+00
1.413716694115406902e+00
1.466076571675236639e+00
1.518436449235066599e+00
1.570796326794896558e+00
