1.724137931034482952e-03
5.172413793103449071e-03
8.620689655172415408e-03
1.206896551724138088e-02
1.551724137931034808e-02
1.896551724137931355e-02
2.241379310344827902e-02
2.586206896551724449e-02
2.931034482758620996e-02
3.275862068965517543e-02
3.620689655172414090e-02
3.965517241379311331e-02
4.310344827586207184e-02
4.655172413793104425e-02
5.000000000000000278e-02
5.344827586206897518e-02
5.689655172413793371e-02
6.034482758620690612e-02
6.379310344827586465e-02
6.724137931034483706e-02
7.068965517241379559e-02
7.413793103448276800e-02
7.758620689655174041e-02
8.103448275862069894e-02
8.448275862068965747e-02
8.793103448275862988e-02
9.137931034482760229e-02
9.482758620689656082e-02
9.827586206896551935e-02
