5.384326972755091797e-03
6.212063807060118695e-03
7.167049278071678520e-03
8.268845419122827084e-03
9.540021550367348141e-03
1.100661659135576328e-02
1.269867244528846348e-02
1.465084938085095892e-02
1.690313601718427747e-02
1.950166845540508842e-02
2.249967533586082549e-02
2.595856817978236392e-02
2.994919935001934264e-02
3.455331339907205535e-02
3.986522153400140489e-02
4.599373349815098072e-02
5.306438644257055470e-02
6.122201644360239503e-02
7.063372534189529817e-02
8.149230367592144586e-02
9.402017982576371669e-02
1.084739762618938674e-01
1.251497662296705282e-01
1.443891385480933209e-01
1.665861947548550881e-01
1.921956219280246403e-01
2.217420065489767722e-01
2.558305801928201784e-01
2.951596171622945519e-01
