1.000000000000000021e-03
1.059869818882501480e-03
1.123324032978027624e-03
1.190577239378783243e-03
1.261856883066021133e-03
1.337404026110821558e-03
1.417474162926804808e-03
1.502338084331859619e-03
1.592282793341092241e-03
1.687612475788146955e-03
1.788649529057435026e-03
1.895735652406375406e-03
2.009233002565048026e-03
2.129525418521361832e-03
2.257019719633919161e-03
2.392147081462638568e-03
2.535364493970111363e-03
2.687156307025226863e-03
2.848035868435802066e-03
3.018547260049921164e-03
3.199267137797384610e-03
3.390806681894053057e-03
3.593813663804625805e-03
3.808974636954071645e-03
4.037017258596553408e-03
4.278712750694266785e-03
4.534878508128581745e-03
4.806380863064388907e-03
5.094138014816380552e-03
5.399123135125903118e-03
5.722367659350220161e-03
6.064964774694601816e-03
6.428073117284318835e-03
6.812920690579615281e-03
7.220809018385464066e-03
7.653117546501342523e-03
8.111308307896872294e-03
8.596930867190787084e-03
9.111627561154887062e-03
9.657139052966048562e-03
1.023531021899026262e-02
1.084809638800742805e-02
1.149756995397735633e-02
1.218592738471087865e-02
1.291549665014883955e-02
1.368874509537080543e-02
1.450828778495939428e-02
1.537689634694013041e-02
1.629750834620644420e-02
1.727323721912988816e-02
1.830738280295367976e-02
1.940344249557914708e-02
2.056512308348651397e-02
2.179635327779121459e-02
2.310129700083159154e-02
2.448436746822226645e-02
2.595024211399735853e-02
2.750387840931945924e-02
2.915053062825175706e-02
3.089576761729401905e-02
3.274549162877728181e-02
3.470595828181066711e-02
3.678379771828632627e-02
3.898603702549071487e-02
4.132012400115336881e-02
4.379395234130494668e-02
4.641588833612779463e-02
4.919479916408218273e-02
5.214008287999684355e-02
5.526170019854090287e-02
5.857020818056667133e-02
6.207679593624760434e-02
6.579332246575679555e-02
6.973235676545970485e-02
7.390722033525778945e-02
7.833203223083880229e-02
8.302175681319744205e-02
8.799225435691070130e-02
9.326033468832199691e-02
9.884381403503329777e-02
1.047615752789665122e-01
1.110336318167637892e-01
1.176811952434997921e-01
1.247267470886045393e-01
1.321941148466028726e-01
1.401085525598017301e-01
1.484968262254464932e-01
1.573873043161902741e-01
1.668100537200059019e-01
1.767969414240030124e-01
1.873817422860382942e-01
1.986002532585911806e-01
2.104904144512019792e-01
2.230924374408983502e-01
2.364489412645407185e-01
2.506050965530079999e-01
2.656087782946686682e-01
2.815107277447729817e-01
2.983647240283340274e-01
3.162277660168379412e-01
